### This file contains the generation information for data_advanced.in ###
#############################################################################

### 1. True hyperparameters and latent variables: 
n_individuals: 5
d, data dimensions: 6
sigma: 0.4
d_normal: 2| d_logn: 2| d_logitn: 2
Mean (around which transformed latents are scattered): 
	 [0 1 2 3 4 5]
Omega for latent_i ~ N(mean, Omega): 
	[
	 [1.0, 0.25, 0.0, 0.0, 0.0, 0.0],
	 [0.25, 1.0, 0.0, 0.0, 0.0, 0.0],
	 [0.0, 0.0, 1.0, 0.0, 0.0, 0.0],
	 [0.0, 0.0, 0.0, 1.0, 0.0, 0.0],
	 [0.0, 0.0, 0.0, 0.0, 1.0, 0.0],
	 [0.0, 0.0, 0.0, 0.0, 0.0, 0.5],
	]
---------------------------------------------------------------
All 5 latent variable vectors:
	[0.38530360666373475, 0.06581683743941857, 1.2726914701941838, 2.7484807345652587, 0.9958042962911882, 0.9912648252063047]
	[0.24699170041055682, 1.7054349660071666, 1.616451013852909, 70.36657249128544, 0.9794800607253142, 0.9975846332290611]
	[-0.057683651683204884, -0.22689377601836602, 3.1459948323090647, 4.109077778831105, 0.9782582054775837, 0.9878856924119706]
	[-0.8583377433631114, 0.9213998045579672, 4.189597623703928, 137.76172361461013, 0.9925061579209157, 0.9855076710318953]
	[-0.3722208424080427, 1.5955593189036223, 11.7371370444551, 40.146413450740695, 0.9772936851981482, 0.986930907644744]
---------------------------------------------------------------
All 5 transformed latent variable vectors (i.e. z):
	[0.38530360666373475, 0.06581683743941857, 0.24113392585950377, 1.0110482988580498, 5.4694896733409, 4.731623774796907]
	[0.24699170041055682, 1.7054349660071666, 0.48023301389053286, 4.253718327833097, 3.865624819617844, 6.023485842909798]
	[-0.057683651683204884, -0.22689377601836602, 1.146130162012062, 1.4131986186175005, 3.8065372259542785, 4.401179795758732]
	[-0.8583377433631114, 0.9213998045579672, 1.4326046967937323, 4.925525552321607, 4.8861515898274535, 4.219537437706087]
	[-0.3722208424080427, 1.5955593189036223, 2.462757921326134, 3.6925331076540453, 3.762144134941864, 4.3243499542646315]
---------------------------------------------------------------

### 2. Heuristic optimizers given only the data: 

Best latent z-variable estimate per individual (completely ignoring shared prior):
Indiv. 0:	[0.45351233924866047, 0.0476300669767195, 0.016231734753213368, 1.073400316949634, 6.657477981040991, 7.349615723890689]
Indiv. 1:	[0.16681659808697358, 1.6699672665840894, 0.43706988724428986, 4.2543775400952635, 13.011024525124313, 20.838335057888656]
Indiv. 2:	[0.06993928978944115, -0.2469805253707338, 1.155040837907811, 1.378637213921615, 19.68435912360556, 18.655256678569316]
Indiv. 3:	[-0.714757079086757, 0.9058490119916807, 1.4385895300220375, 4.9252964418441225, 16.610018480011743, 17.542506986370228]
Indiv. 4:	[-0.2901892736679726, 1.6196923943726647, 2.468559815433286, 3.6928529482003762, 16.256266651019743, 18.86496384432276]

Best hyperparameter-mean estimate (completely ignoring that there are different individuals):
	[-0.1873608830703094, 0.932615824862332, 1.2355572570144624, 3.5792487184996213, 15.91171199397149, 18.47315575340938]

Mean of individuals optimal z:
	[-0.06293562512593089, 0.7992316429108841, 1.1030983610721274, 3.0649128922022024, 14.443829352160469, 16.65013565820833]

'Sample' covariance, using the individuals' data means as samples:
	[
	 [0.16273515112219483, -0.116614639834629, -0.24728323321742696, -0.4669267569096153, -1.095590399651813, -0.9319101484352711],
	 [-0.116614639834629, 0.6204336928839501, 0.26773796320666077, 1.0020569471057301, 0.16798415909073294, 2.0903279453599324],
	 [-0.24728323321742696, 0.26773796320666077, 0.720922064008918, 0.5532544176699699, 2.578154189454906, 2.149352167623005],
	 [-0.4669267569096153, 1.0020569471057301, 0.5532544176699699, 2.4159619629684794, 2.026682536948571, 4.6347125990966225],
	 [-1.095590399651813, 0.16798415909073294, 2.578154189454906, 2.026682536948571, 19.6241307864464, 16.574284502589506],
	 [-0.9319101484352711, 2.0903279453599324, 2.149352167623005, 4.6347125990966225, 16.574284502589506, 22.75259720954966],
	]
---------------------------------------------------------------
### 3. Log-probabilities of the original data (any optimizer should do at least as well): 

Total log-probability: -1197.291

Individual log-probability:
	Indiv. 0: 	 -31.62
	Indiv. 1: 	 -160.71
	Indiv. 2: 	 -142.06
	Indiv. 3: 	 -191.65
	Indiv. 4: 	 -114.18

Individual log-llh:
	Indiv. 0: 	 -21.17
	Indiv. 1: 	 -152.33
	Indiv. 2: 	 -134.14
	Indiv. 3: 	 -183.12
	Indiv. 4: 	 -107.89

Individual log-prior:
	Indiv. 0: 	 -10.45
	Indiv. 1: 	 -8.38
	Indiv. 2: 	 -7.92
	Indiv. 3: 	 -8.53
	Indiv. 4: 	 -6.29
